Ali 4210123698233 03331354844 1023 1550
Banned 4210101354613 03356935563 1234 10973
Noman 4210036541123 03353033564 4321 6163
Ishaq 4210101504401 03352573936 1401 5564
Noman 4210036541123 03353033564 4321 250
Faheem 4210264654531 03312613326 5678 960
Kaleem 4210556451365 03314946426 1111 2300
Hamza 4210036985214 03202567599 1727 602
Rizwan 4210215648643 03343499899 1231 436
Musab 4210168435131 03308536917 3692 660
Saad 4235655646545 03002316013 4321 5000
Ashfaq 4210187293028 03326748392 7690 200
Sohail 4210183393028 03326743909 8890 1500
Kamran 4210689293028 03326748609 7321 35000
Baber 4210187393939 03216248392 7800 85
Khawer 4210187147039 03002248392 4908 6000
Daniyal 4210187144949 03001348392 4933 7500
